1,1,53.74,59.29,122.53,59.059999999999995,1,1,1.0
1,2,0.78,16.02,15.69,26.889999999999997,1,1,1.0
1,3,99.39,1.08,217.40000000000003,60.510000000000005,1,1,1.0
1,4,316.79,0.0,395.96,116.13,1,1,1.0
2,1,37.28,55.18,117.83000000000001,59.059999999999995,1,1,1.0
2,2,0.78,16.8,9.72,26.109999999999996,1,1,1.0
2,3,99.39,1.08,217.40000000000003,60.510000000000005,1,1,1.0
2,4,316.79,0.0,395.96,116.11,1,1,1.0
3,1,20.82,51.06,113.14000000000001,59.06,1,1,1.0
3,3,99.39,1.08,217.40000000000003,60.510000000000005,1,1,1.0
3,4,316.79,0.0,395.96,116.08,1,1,1.0
4,1,4.37,46.95,108.42999999999999,59.06,1,1,1.0
4,3,99.39,1.08,217.40000000000003,60.510000000000005,1,1,1.0
4,4,316.79,0.0,395.96,116.06,1,1,1.0
5,1,1.72,45.18,93.48,59.07,1,1,1.0
5,3,99.39,1.08,217.40000000000003,60.510000000000005,1,1,1.0
5,4,316.79,0.0,395.96,116.04,1,1,1.0
6,1,1.72,45.18,74.98,59.07,1,1,1.0
6,3,99.39,1.08,217.40000000000003,60.510000000000005,1,1,1.0
6,4,316.79,0.0,395.96,116.02,1,1,1.0
7,1,1.72,45.18,58.28,59.07,1,1,1.0
7,3,99.39,1.08,217.40000000000003,60.510000000000005,1,1,1.0
7,4,316.79,0.0,395.96,116.0,1,1,1.0
8,1,1.72,45.18,41.980000000000004,48.04,1,1,1.0
8,3,99.39,1.08,217.40000000000003,60.510000000000005,1,1,1.0
8,4,316.79,0.0,395.96,115.98,1,1,1.0
9,1,1.72,45.18,25.68,37.02,1,1,1.0
9,3,99.39,1.08,217.40000000000003,60.510000000000005,1,1,1.0
9,4,316.79,0.0,395.96,115.96,1,1,1.0
10,1,1.72,45.18,13.379999999999999,37.02,1,1,1.0
10,5,917.65,194.17,40.55000000000007,64.35,1,1,1.0
10,3,99.39,1.08,217.40000000000003,60.510000000000005,1,1,1.0
10,4,316.79,0.0,395.96,115.94,1,1,1.0
11,5,874.96,184.59,72.40999999999997,71.41,1,1,1.0
11,3,99.39,1.08,217.40000000000003,60.510000000000005,1,1,1.0
11,4,316.79,0.0,395.96,115.92,1,1,1.0
12,5,832.26,175.02,104.27999999999997,78.45999999999998,1,1,1.0
12,3,99.39,1.08,217.40000000000003,60.510000000000005,1,1,1.0
12,4,316.79,0.0,395.96,115.9,1,1,1.0
13,5,789.57,165.45,136.14,85.52000000000001,1,1,1.0
13,3,99.39,1.08,217.40000000000003,60.510000000000005,1,1,1.0
13,4,316.79,0.0,395.96,115.88,1,1,1.0
14,5,746.88,155.88,168.01,92.57,1,1,1.0
14,3,99.39,1.08,217.40000000000003,60.510000000000005,1,1,1.0
14,4,316.79,0.0,395.96,115.86,1,1,1.0
15,5,704.19,146.31,199.8699999999999,99.62,1,1,1.0
15,3,99.39,1.08,217.40000000000003,60.510000000000005,1,1,1.0
15,4,316.79,0.0,395.96,115.84,1,1,1.0
16,5,661.5,136.74,231.73000000000002,106.67999999999998,1,1,1.0
16,3,99.39,1.08,217.40000000000003,60.510000000000005,1,1,1.0
16,4,316.79,0.0,395.96,115.82,1,1,1.0
17,5,618.8,127.17,263.6,113.73,1,1,1.0
17,3,99.39,1.08,217.40000000000003,60.510000000000005,1,1,1.0
17,4,316.79,0.0,395.96,115.79,1,1,1.0
17,6,0.03,162.45,73.21,99.36000000000001,1,1,1.0
18,5,589.98,122.49,255.22000000000003,110.48,1,1,1.0
18,3,99.39,1.08,217.40000000000003,60.510000000000005,1,1,1.0
18,4,316.79,0.0,395.96,115.77,1,1,1.0
18,6,7.22,169.91,94.04,107.67999999999998,1,1,1.0
19,5,561.15,117.81,246.85000000000002,107.22999999999999,1,1,1.0
19,3,99.39,1.08,217.40000000000003,60.510000000000005,1,1,1.0
19,4,316.79,0.0,395.96,115.75,1,1,1.0
19,6,14.41,177.38,114.87,116.0,1,1,1.0
20,5,532.33,113.14,238.4699999999999,103.97000000000001,1,1,1.0
20,3,99.39,1.08,217.40000000000003,60.510000000000005,1,1,1.0
20,4,316.79,0.0,395.96,115.73,1,1,1.0
20,6,21.6,184.85,135.70000000000002,124.32000000000002,1,1,1.0
21,5,503.5,108.46,230.10000000000002,100.72000000000001,1,1,1.0
21,3,99.39,1.08,217.40000000000003,60.510000000000005,1,1,1.0
21,4,316.79,0.0,395.96,115.71,1,1,1.0
21,6,28.79,192.32,156.53,132.63,1,1,1.0
22,5,474.67,103.78,221.72999999999996,97.47,1,1,1.0
22,3,99.39,1.08,217.40000000000003,60.510000000000005,1,1,1.0
22,4,316.79,0.0,395.96,115.69,1,1,1.0
22,6,35.98,199.79,177.36,140.95000000000002,1,1,1.0
23,5,445.85,99.11,213.35000000000002,94.21,1,1,1.0
23,3,99.39,1.08,217.40000000000003,60.510000000000005,1,1,1.0
23,4,316.79,0.0,395.96,115.67,1,1,1.0
23,6,43.17,207.26,198.19,149.26999999999998,1,1,1.0
24,5,417.02,94.43,204.98000000000002,90.95999999999998,1,1,1.0
24,3,99.39,1.08,217.40000000000003,60.510000000000005,1,1,1.0
24,4,316.79,0.0,395.96,115.65,1,1,1.0
24,6,50.36,214.73,219.01999999999998,157.58,1,1,1.0
25,5,388.19,89.75,196.60999999999996,87.71000000000001,1,1,1.0
25,3,99.39,1.08,217.40000000000003,60.510000000000005,1,1,1.0
25,4,316.79,0.0,395.96,115.63,1,1,1.0
25,6,57.56,222.2,239.83999999999997,165.90000000000003,1,1,1.0
26,5,359.37,85.08,188.23000000000002,84.45,1,1,1.0
26,3,99.39,1.08,217.40000000000003,60.510000000000005,1,1,1.0
26,4,316.79,0.0,395.96,115.61,1,1,1.0
26,6,89.93,236.52,263.62,176.9,1,1,1.0
27,5,330.54,80.4,179.85999999999996,81.19999999999999,1,1,1.0
27,3,99.39,1.08,217.40000000000003,60.510000000000005,1,1,1.0
27,4,316.79,0.0,395.96,115.59,1,1,1.0
27,6,122.3,250.84,287.4,187.89000000000001,1,1,1.0
28,5,312.91,77.4,175.19,79.62,1,1,1.0
28,3,99.39,1.08,217.40000000000003,60.510000000000005,1,1,1.0
28,4,316.79,0.0,395.96,115.57,1,1,1.0
28,6,154.68,265.16,311.17,198.89,1,1,1.0
29,5,295.28,74.4,170.52000000000004,78.03999999999999,1,1,1.0
29,3,99.39,1.08,217.40000000000003,60.510000000000005,1,1,1.0
29,4,316.79,0.0,395.96,115.55,1,1,1.0
29,6,187.05,279.48,334.95,209.89,1,1,1.0
30,5,277.65,71.4,165.85000000000002,76.46000000000001,1,1,1.0
30,3,99.39,1.08,217.40000000000003,60.510000000000005,1,1,1.0
30,4,316.79,0.0,395.96,115.52,1,1,1.0
30,6,219.42,293.8,358.73,220.87999999999994,1,1,1.0
30,7,866.64,174.4,92.63999999999999,73.96000000000001,1,1,1.0
31,5,260.02,68.4,161.18,74.88,1,1,1.0
31,3,99.39,1.08,217.40000000000003,60.510000000000005,1,1,1.0
31,4,316.79,0.0,395.96,115.5,1,1,1.0
31,6,251.8,308.12,382.49999999999994,231.88,1,1,1.0
31,7,825.23,164.05,111.63999999999999,77.69,1,1,1.0
32,5,242.39,65.4,156.51,73.29999999999998,1,1,1.0
32,3,99.39,1.08,217.40000000000003,60.510000000000005,1,1,1.0
32,4,316.79,0.0,395.96,115.48,1,1,1.0
32,6,313.31,331.4,375.27000000000004,208.48000000000002,1,1,1.0
32,7,783.83,153.69,130.63,81.42000000000002,1,1,1.0
33,5,224.75,62.4,151.85000000000002,71.72,1,1,1.0
33,3,99.39,1.08,217.40000000000003,60.510000000000005,1,1,1.0
33,4,316.79,0.0,395.96,115.46,1,1,1.0
33,6,374.83,354.68,368.04,185.07,1,1,1.0
33,7,742.42,143.34,149.63,85.15,1,1,1.0
34,5,207.12,59.4,147.18,70.13999999999999,1,1,1.0
34,3,99.39,1.08,217.40000000000003,60.510000000000005,1,1,1.0
34,4,316.79,0.0,395.96,115.44,1,1,1.0
34,6,436.35,377.96,360.79999999999995,161.67000000000002,1,1,1.0
34,7,701.01,132.99,168.63,88.88,1,1,1.0
35,5,189.49,56.4,142.51,68.56,1,1,1.0
35,3,99.39,1.08,217.40000000000003,60.510000000000005,1,1,1.0
35,4,316.79,0.0,395.96,115.42,1,1,1.0
35,6,497.87,401.24,353.55999999999995,138.26,1,1,1.0
35,7,659.6,122.64,187.62,92.61,1,1,1.0
36,5,171.86,53.4,137.83999999999997,66.97999999999999,1,1,1.0
36,3,99.39,1.08,217.40000000000003,60.510000000000005,1,1,1.0
36,4,316.79,0.0,395.96,115.4,1,1,1.0
36,6,559.38,424.52,346.34000000000003,114.86000000000001,1,1,1.0
36,7,618.19,112.28,206.6199999999999,96.34,1,1,1.0
37,5,154.23,50.4,133.17,65.4,1,1,1.0
37,3,99.39,1.08,217.40000000000003,60.510000000000005,1,1,1.0
37,4,316.79,0.0,395.96,115.38,1,1,1.0
37,6,620.9,447.8,339.1,91.44999999999999,1,1,1.0
37,7,576.78,101.93,225.62,100.07,1,1,1.0
38,5,141.89,48.11,130.26,64.34,1,1,1.0
38,3,99.39,1.08,217.40000000000003,60.510000000000005,1,1,1.0
38,4,316.79,0.0,395.96,115.75,1,1,1.0
38,6,744.9,482.9,215.10000000000002,56.35000000000002,1,1,1.0
38,7,544.9,100.42,217.67000000000007,91.38000000000001,1,1,1.0
39,5,129.55,45.82,127.34999999999997,63.279999999999994,1,1,1.0
39,3,99.39,1.08,217.40000000000003,60.510000000000005,1,1,1.0
39,4,316.79,0.0,395.96,116.13,1,1,1.0
39,7,513.03,98.91,209.70000000000005,82.69,1,1,1.0
40,5,117.21,43.53,124.44000000000001,62.22,1,1,1.0
40,3,99.39,1.08,217.40000000000003,60.510000000000005,1,1,1.0
40,4,316.79,0.0,395.96,116.13,1,1,0.0
40,7,481.15,97.4,201.75,74.0,1,1,1.0
41,5,104.87,41.24,121.53,61.160000000000004,1,1,1.0
41,3,99.39,1.08,217.40000000000003,60.510000000000005,1,1,1.0
41,4,316.79,0.0,395.96,116.13,1,1,0.0
41,7,456.5,92.45,195.39999999999998,72.41000000000001,1,1,1.0
42,5,92.52,38.95,118.63000000000001,60.099999999999994,1,1,1.0
42,3,99.39,1.08,217.40000000000003,60.510000000000005,1,1,1.0
42,4,316.79,0.0,395.96,116.13,1,1,0.0
42,7,431.84,87.5,189.06,70.83000000000001,1,1,1.0
43,5,80.18,36.66,115.72,59.040000000000006,1,1,1.0
43,3,99.39,1.08,217.40000000000003,60.510000000000005,1,1,1.0
43,4,316.79,0.0,395.96,116.13,1,1,0.0
43,7,407.19,82.55,182.70999999999998,69.24,1,1,1.0
44,5,67.84,34.37,112.81,57.98,1,1,1.0
44,3,99.39,1.08,217.40000000000003,60.510000000000005,1,1,1.0
44,4,316.79,0.0,395.96,116.13,1,1,0.0
44,7,382.53,77.6,176.37,67.65,1,1,1.0
45,5,55.5,32.08,109.9,56.92,1,1,1.0
45,3,99.39,1.08,217.40000000000003,60.510000000000005,1,1,1.0
45,4,316.79,0.0,395.96,116.13,1,1,0.0
45,7,357.88,72.65,170.01999999999998,66.07,1,1,1.0
46,5,43.16,29.79,106.99000000000001,55.86000000000001,1,1,1.0
46,3,99.39,1.08,217.40000000000003,60.510000000000005,1,1,1.0
46,4,316.79,0.0,395.96,116.13,1,1,0.0
46,7,333.23,67.7,163.66999999999996,64.48,1,1,1.0
47,5,30.82,27.5,104.08000000000001,54.8,1,1,1.0
47,3,99.39,1.08,217.40000000000003,60.510000000000005,1,1,1.0
47,4,316.79,0.0,395.96,116.13,1,1,0.0
47,7,308.57,62.75,157.32999999999998,62.89,1,1,1.0
48,5,27.49,26.23,96.93,53.33,1,1,1.0
48,3,99.39,1.08,217.40000000000003,60.510000000000005,1,1,1.0
48,4,316.79,0.0,395.96,116.13,1,1,0.0
48,7,283.92,57.8,150.97999999999996,61.3,1,1,1.0
49,5,24.16,24.95,89.78,51.86,1,1,1.0
49,3,99.39,1.08,217.40000000000003,60.510000000000005,1,1,1.0
49,4,316.79,0.0,395.96,116.13,1,1,0.0
49,7,264.87,54.63,146.88,60.93,1,1,1.0
50,5,20.82,23.68,82.65,50.38999999999999,1,1,1.0
50,3,99.39,1.08,217.40000000000003,60.510000000000005,1,1,1.0
50,4,316.79,0.0,395.96,116.13,1,1,0.0
50,7,245.82,51.45,142.78000000000003,60.56,1,1,1.0
51,5,17.49,22.41,75.5,48.91,1,1,1.0
51,3,99.39,1.08,217.40000000000003,60.510000000000005,1,1,1.0
51,4,316.79,0.0,395.96,116.13,1,1,0.0
51,7,226.77,48.28,138.67999999999998,60.17999999999999,1,1,1.0
52,5,14.16,21.13,68.35000000000001,47.45,1,1,1.0
52,3,99.39,1.08,217.40000000000003,60.510000000000005,1,1,1.0
52,4,316.79,0.0,395.96,116.13,1,1,1.0
52,7,207.72,45.1,134.58,59.809999999999995,1,1,1.0
53,5,10.83,19.86,61.2,45.97,1,1,1.0
53,3,99.39,1.08,217.40000000000003,60.510000000000005,1,1,0.0
53,4,316.79,0.0,395.96,116.13,1,1,1.0
53,7,193.8,44.08,130.57999999999998,58.21000000000001,1,1,1.0
54,5,7.5,18.59,54.06,44.5,1,1,1.0
54,3,99.39,1.08,217.40000000000003,60.510000000000005,1,1,0.0
54,4,316.79,0.0,395.96,116.13,1,1,1.0
54,7,179.89,43.05,126.56,56.63000000000001,1,1,1.0
55,5,4.17,17.31,46.91,43.03,1,1,1.0
55,3,99.39,1.08,217.40000000000003,60.510000000000005,1,1,0.0
55,4,316.79,0.0,395.96,116.13,1,1,1.0
55,7,165.97,42.03,122.55999999999997,55.03999999999999,1,1,1.0
56,5,0.84,16.04,39.76,41.56,1,1,1.0
56,3,99.39,1.08,217.40000000000003,60.510000000000005,1,1,0.0
56,4,316.79,0.0,395.96,116.13,1,1,1.0
56,7,152.06,41.0,118.54000000000002,53.45,1,1,1.0
57,5,0.84,18.09,31.529999999999998,39.510000000000005,1,1,1.0
57,3,99.39,1.08,217.40000000000003,60.510000000000005,1,1,0.0
57,4,316.79,0.0,395.96,116.13,1,1,1.0
57,7,138.14,39.98,114.54000000000002,51.86000000000001,1,1,1.0
58,5,0.84,20.15,23.29,37.45,1,1,1.0
58,3,99.39,1.08,217.40000000000003,60.510000000000005,1,1,0.0
58,4,316.79,0.0,395.96,116.13,1,1,1.0
58,7,124.23,38.95,110.52,50.269999999999996,1,1,1.0
59,5,0.84,22.2,15.06,35.400000000000006,1,1,1.0
59,3,99.39,1.08,217.40000000000003,60.510000000000005,1,1,0.0
59,4,316.79,0.0,395.96,116.13,1,1,1.0
59,7,110.32,37.93,106.51000000000002,48.68,1,1,1.0
60,3,99.39,1.08,217.40000000000003,60.510000000000005,1,1,0.0
60,4,316.79,0.0,395.96,116.13,1,1,1.0
60,7,96.4,36.9,102.5,47.089999999999996,1,1,1.0
